
1111111111111111111111111000001111100000
1111111111111111111111111100000011100000
1111111111111111111100000011000000001111
1111111111111111111111111111100000110000
1111111111111111111111100001111000000111
1111111111111111111111110000011110000111
1111111111111111111111100001110000001111
1111111111111111111111000001111000001111
1111111111111111111111111100001111100000
1111111111111111111110000000110000001111
1111111111111111111110000000110000000011
1111111111111111111100000001100000001111
1111111111111111000000000001000000111111
1111111111111111111100000011100000011111
1111111111111111111111111000001111000011
1111111111111111111111000000111000000011
1111111111111111111100000011100000001111
1111111111111111111111000000111110000001
1111111111111111111111000000111000000011
1111111111111111111111000000111000001111